3,1
3,3
78,3
78,2
78,1
78,0
77,5
77,4
77,3
77,2
77,1
77,0
76,5
76,4
76,3
76,2
76,1
76,0
74,3
74,2
74,1
74,0
73,3
10,266
73,2
73,1
73,0
72,3
10,34
10,149
72,2
72,1
72,0
71,5
71,4
71,3
10,72
71,2
71,1
71,0
69,3
10,244
10,155
69,2
69,1
69,0
68,5
68,4
68,3
10,302
10,194
10,2
10,3
68,2
68,1
68,0
67,3
11,12
11,5
11,10
67,2
67,1
67,0
65,5
65,4
65,3
11,14
11,19
11,25
11,2
11,3
65,2
65,1
65,0
63,3
63,2
63,1
63,0
62,3
9,7
9,2
9,3
62,2
62,1
62,0
59,3
8,17
8,7
59,2
59,1
59,0
58,4
58,3
8,9
8,14
8,2
8,3
0,511
58,2
58,1
58,0
57,4
57,3
57,2
57,1
57,0
56,5
56,4
56,3
56,2
56,1
55,4
55,3
55,1
54,5
54,3
54,1
46,4
46,3
46,1
44,3
44,1
40,6
40,3
40,1
20,3
